0x564ca66d6000, 101, 231, 109, 95, 182, 103
0x564ca66d6040, 104, 192, 113, 93, 227, 101
0x564ca66d6080, 102, 129, 111, 81, 156, 97
0x564ca66d60c0, 85, 121, 95, 79, 142, 89
0x564ca66d6100, 93, 124, 102, 85, 188, 95
0x564ca66d6140, 95, 140, 104, 83, 140, 93
0x564ca66d6180, 93, 125, 103, 79, 108, 90
0x564ca66d61c0, 85, 120, 93, 81, 114, 87
0x564ca66d6200, 96, 132, 103, 89, 108, 95
0x564ca66d6240, 97, 152, 105, 85, 134, 94
0x564ca66d6280, 95, 124, 105, 81, 193, 89
0x564ca66d62c0, 85, 211, 99, 85, 113, 93
0x564ca66d6300, 99, 122, 104, 93, 110, 97
0x564ca66d6340, 101, 246, 106, 91, 247, 0
0x564ca66d6380, 100, 247, 105, 87, 248, 0
0x564ca66d63c0, 89, 247, 98, 85, 247, 239
0x564ca66d6400, 101, 247, 109, 91, 248, 0
0x564ca66d6440, 99, 247, 111, 95, 248, 0
0x564ca66d6480, 93, 247, 108, 90, 247, 0
0x564ca66d64c0, 112, 245, 118, 97, 229, 105
0x564ca66d6500, 117, 127, 121, 104, 117, 109
0x564ca66d6540, 120, 129, 124, 111, 120, 115
0x564ca66d6580, 107, 119, 111, 99, 109, 104
0x564ca66d65c0, 119, 154, 123, 98, 109, 103
0x564ca66d6600, 118, 225, 123, 105, 141, 111
0x564ca66d6640, 118, 229, 123, 111, 120, 115
0x564ca66d6680, 108, 128, 113, 100, 201, 105
0x564ca66d66c0, 120, 146, 124, 103, 112, 108
0x564ca66d6700, 122, 131, 126, 108, 129, 111
0x564ca66d6740, 118, 127, 123, 111, 120, 114
0x564ca66d6780, 104, 122, 108, 96, 105, 101
0x564ca66d67c0, 116, 211, 119, 98, 108, 103
0x564ca66d6800, 115, 124, 120, 100, 109, 104
0x564ca66d6840, 104, 202, 109, 97, 105, 101
0x564ca66d6880, 116, 128, 120, 108, 115, 111
0x564ca66d68c0, 117, 223, 123, 104, 113, 109
0x564ca66d6900, 115, 247, 120, 103, 247, 0
0x564ca66d6940, 103, 247, 110, 97, 247, 0
0x564ca66d6980, 116, 247, 124, 111, 248, 0
0x564ca66d69c0, 120, 247, 128, 108, 248, 0
0x564ca66d6a00, 118, 247, 125, 103, 247, 0
0x564ca66d6a40, 107, 247, 117, 107, 248, 0
0x564ca66d6a80, 123, 247, 128, 115, 223, 119
0x564ca66d6ac0, 126, 158, 131, 112, 122, 116
0x564ca66d6b00, 123, 134, 127, 106, 115, 110
0x564ca66d6b40, 110, 120, 114, 102, 112, 107
0x564ca66d6b80, 123, 132, 127, 115, 123, 118
0x564ca66d6bc0, 125, 134, 130, 111, 120, 115
0x564ca66d6c00, 111, 215, 116, 101, 113, 107
0x564ca66d6c40, 119, 227, 124, 102, 144, 110
0x564ca66d6c80, 123, 174, 128, 108, 117, 113
0x564ca66d6cc0, 119, 142, 123, 111, 120, 114
0x564ca66d6d00, 106, 117, 112, 99, 115, 104
0x564ca66d6d40, 118, 129, 123, 102, 113, 106
0x564ca66d6d80, 120, 131, 125, 108, 115, 111
0x564ca66d6dc0, 115, 127, 121, 107, 115, 111
0x564ca66d6e00, 105, 115, 109, 98, 112, 101
0x564ca66d6e40, 116, 125, 120, 99, 109, 104
0x564ca66d6e80, 119, 150, 123, 104, 113, 109
0x564ca66d6ec0, 115, 156, 119, 106, 115, 111
0x564ca66d6f00, 103, 120, 108, 97, 107, 101
0x564ca66d6f40, 115, 150, 119, 99, 124, 105
0x564ca66d6f80, 118, 134, 122, 104, 113, 108
0x564ca66d6fc0, 114, 133, 119, 107, 116, 111
