0x564ca66d6000, 113, 140, 118, 107, 121, 110
0x564ca66d6040, 116, 134, 120, 103, 142, 107
0x564ca66d6080, 102, 120, 107, 96, 115, 99
0x564ca66d60c0, 105, 122, 109, 95, 103, 99
0x564ca66d6100, 109, 126, 113, 102, 120, 106
0x564ca66d6140, 112, 127, 116, 100, 109, 104
0x564ca66d6180, 101, 117, 105, 95, 103, 99
0x564ca66d61c0, 104, 152, 108, 95, 106, 99
0x564ca66d6200, 110, 127, 114, 103, 111, 107
0x564ca66d6240, 112, 142, 116, 100, 109, 103
0x564ca66d6280, 102, 158, 106, 96, 105, 100
0x564ca66d62c0, 105, 148, 109, 95, 114, 99
0x564ca66d6300, 106, 123, 109, 100, 107, 103
0x564ca66d6340, 109, 128, 113, 97, 105, 101
0x564ca66d6380, 98, 113, 102, 92, 109, 95
0x564ca66d63c0, 100, 117, 105, 92, 101, 95
0x564ca66d6400, 108, 126, 113, 98, 105, 101
0x564ca66d6440, 106, 123, 110, 98, 114, 103
0x564ca66d6480, 98, 150, 103, 89, 99, 93
0x564ca66d64c0, 97, 111, 100, 90, 97, 93
0x564ca66d6500, 106, 121, 109, 95, 103, 98
0x564ca66d6540, 102, 120, 106, 97, 103, 99
0x564ca66d6580, 98, 112, 101, 89, 97, 93
0x564ca66d65c0, 96, 109, 99, 89, 99, 93
0x564ca66d6600, 106, 122, 109, 96, 102, 99
0x564ca66d6640, 103, 116, 107, 97, 105, 101
0x564ca66d6680, 99, 123, 103, 89, 98, 93
0x564ca66d66c0, 97, 113, 100, 90, 99, 93
0x564ca66d6700, 106, 122, 109, 95, 103, 98
0x564ca66d6740, 102, 120, 106, 96, 113, 99
0x564ca66d6780, 98, 118, 101, 89, 107, 93
0x564ca66d67c0, 96, 111, 99, 89, 97, 93
0x564ca66d6800, 97, 112, 100, 89, 99, 93
0x564ca66d6840, 96, 113, 100, 87, 94, 90
0x564ca66d6880, 97, 116, 102, 93, 99, 96
0x564ca66d68c0, 99, 115, 103, 89, 99, 93
0x564ca66d6900, 91, 105, 93, 85, 91, 87
0x564ca66d6940, 93, 109, 96, 85, 93, 87
0x564ca66d6980, 97, 115, 101, 91, 101, 95
0x564ca66d69c0, 103, 121, 109, 92, 99, 95
0x564ca66d6a00, 94, 109, 97, 88, 95, 91
0x564ca66d6a40, 95, 111, 99, 87, 97, 91
0x564ca66d6a80, 104, 119, 107, 98, 105, 101
0x564ca66d6ac0, 105, 126, 109, 96, 101, 98
0x564ca66d6b00, 96, 111, 99, 89, 97, 93
0x564ca66d6b40, 98, 113, 101, 89, 97, 93
0x564ca66d6b80, 102, 124, 106, 97, 105, 99
0x564ca66d6bc0, 106, 126, 109, 95, 103, 97
0x564ca66d6c00, 99, 114, 103, 89, 99, 93
0x564ca66d6c40, 97, 111, 100, 90, 98, 93
0x564ca66d6c80, 106, 122, 109, 95, 106, 97
0x564ca66d6cc0, 103, 120, 107, 98, 105, 101
0x564ca66d6d00, 98, 115, 101, 90, 99, 93
0x564ca66d6d40, 96, 117, 99, 89, 106, 93
0x564ca66d6d80, 106, 122, 109, 95, 102, 98
0x564ca66d6dc0, 100, 117, 105, 93, 101, 97
0x564ca66d6e00, 96, 114, 99, 87, 99, 91
0x564ca66d6e40, 97, 113, 100, 90, 97, 93
0x564ca66d6e80, 106, 121, 109, 95, 103, 98
0x564ca66d6ec0, 103, 123, 107, 98, 105, 101
0x564ca66d6f00, 98, 114, 101, 89, 97, 93
0x564ca66d6f40, 96, 111, 99, 90, 97, 93
0x564ca66d6f80, 106, 123, 109, 92, 103, 97
0x564ca66d6fc0, 100, 113, 103, 94, 107, 97
