0x564ca66d6000, 96, 118, 100, 93, 101, 96
0x564ca66d6040, 93, 101, 97, 87, 97, 91
0x564ca66d6080, 95, 102, 97, 87, 95, 91
0x564ca66d60c0, 97, 105, 101, 87, 95, 90
0x564ca66d6100, 93, 101, 96, 89, 176, 93
0x564ca66d6140, 91, 99, 93, 87, 170, 90
0x564ca66d6180, 95, 103, 98, 87, 93, 89
0x564ca66d61c0, 97, 105, 101, 87, 109, 90
0x564ca66d6200, 93, 103, 97, 91, 97, 93
0x564ca66d6240, 91, 176, 95, 87, 97, 90
0x564ca66d6280, 95, 104, 99, 87, 95, 91
0x564ca66d62c0, 97, 180, 101, 87, 97, 90
0x564ca66d6300, 93, 178, 97, 89, 97, 93
0x564ca66d6340, 91, 99, 93, 87, 95, 90
0x564ca66d6380, 95, 180, 98, 87, 93, 89
0x564ca66d63c0, 97, 182, 101, 87, 170, 90
0x564ca66d6400, 91, 99, 95, 87, 93, 89
0x564ca66d6440, 93, 103, 97, 89, 97, 93
0x564ca66d6480, 98, 105, 101, 87, 172, 90
0x564ca66d64c0, 91, 176, 96, 85, 168, 89
0x564ca66d6500, 87, 99, 91, 87, 95, 91
0x564ca66d6540, 93, 178, 96, 89, 175, 93
0x564ca66d6580, 97, 184, 101, 87, 170, 91
0x564ca66d65c0, 94, 138, 98, 87, 96, 89
0x564ca66d6600, 91, 111, 99, 87, 119, 95
0x564ca66d6640, 94, 113, 97, 89, 97, 93
0x564ca66d6680, 99, 117, 104, 87, 93, 89
0x564ca66d66c0, 95, 107, 98, 87, 103, 91
0x564ca66d6700, 89, 105, 93, 87, 104, 90
0x564ca66d6740, 93, 115, 96, 89, 97, 93
0x564ca66d6780, 97, 182, 102, 87, 115, 91
0x564ca66d67c0, 95, 107, 101, 89, 99, 92
0x564ca66d6800, 98, 114, 101, 92, 101, 95
0x564ca66d6840, 103, 190, 108, 92, 114, 99
0x564ca66d6880, 103, 109, 105, 98, 105, 101
0x564ca66d68c0, 97, 107, 103, 91, 99, 95
0x564ca66d6900, 100, 109, 105, 92, 105, 95
0x564ca66d6940, 102, 111, 106, 92, 99, 95
0x564ca66d6980, 98, 124, 101, 95, 101, 97
0x564ca66d69c0, 95, 103, 99, 92, 104, 95
0x564ca66d6a00, 100, 109, 105, 92, 99, 95
0x564ca66d6a40, 104, 111, 107, 92, 99, 95
0x564ca66d6a80, 99, 107, 103, 96, 109, 99
0x564ca66d6ac0, 96, 105, 99, 92, 100, 95
0x564ca66d6b00, 100, 122, 104, 92, 97, 95
0x564ca66d6b40, 103, 110, 105, 92, 108, 95
0x564ca66d6b80, 98, 105, 101, 95, 101, 97
0x564ca66d6bc0, 95, 103, 99, 92, 99, 95
0x564ca66d6c00, 105, 114, 109, 92, 109, 95
0x564ca66d6c40, 99, 116, 103, 91, 101, 96
0x564ca66d6c80, 97, 111, 100, 92, 99, 95
0x564ca66d6cc0, 99, 107, 102, 95, 104, 99
0x564ca66d6d00, 103, 111, 106, 92, 99, 95
0x564ca66d6d40, 101, 109, 104, 91, 99, 95
0x564ca66d6d80, 95, 103, 99, 93, 108, 95
0x564ca66d6dc0, 98, 105, 101, 95, 101, 98
0x564ca66d6e00, 103, 115, 107, 92, 99, 95
0x564ca66d6e40, 100, 109, 104, 92, 108, 96
0x564ca66d6e80, 96, 105, 99, 92, 98, 95
0x564ca66d6ec0, 100, 108, 103, 95, 103, 99
0x564ca66d6f00, 103, 111, 106, 92, 105, 95
0x564ca66d6f40, 100, 113, 103, 90, 99, 94
0x564ca66d6f80, 95, 105, 99, 92, 99, 95
0x564ca66d6fc0, 99, 107, 102, 94, 140, 98
