0x564ca66d6000, 98, 107, 101, 96, 103, 99
0x564ca66d6040, 99, 109, 103, 93, 101, 97
0x564ca66d6080, 103, 111, 106, 93, 101, 97
0x564ca66d60c0, 104, 113, 108, 93, 101, 97
0x564ca66d6100, 95, 106, 99, 96, 103, 99
0x564ca66d6140, 100, 109, 103, 96, 103, 99
0x564ca66d6180, 105, 113, 109, 96, 103, 99
0x564ca66d61c0, 108, 117, 112, 95, 101, 98
0x564ca66d6200, 99, 107, 103, 96, 103, 99
0x564ca66d6240, 101, 109, 104, 96, 103, 99
0x564ca66d6280, 106, 115, 109, 96, 103, 99
0x564ca66d62c0, 108, 116, 112, 96, 105, 99
0x564ca66d6300, 98, 105, 101, 96, 103, 99
0x564ca66d6340, 100, 109, 103, 95, 103, 99
0x564ca66d6380, 105, 115, 109, 96, 103, 99
0x564ca66d63c0, 108, 117, 112, 94, 103, 98
0x564ca66d6400, 102, 110, 105, 96, 103, 99
0x564ca66d6440, 97, 107, 101, 96, 103, 99
0x564ca66d6480, 108, 116, 112, 96, 103, 99
0x564ca66d64c0, 105, 115, 109, 95, 103, 99
0x564ca66d6500, 100, 107, 103, 96, 103, 99
0x564ca66d6540, 96, 105, 101, 95, 103, 99
0x564ca66d6580, 109, 117, 112, 95, 103, 99
0x564ca66d65c0, 104, 113, 109, 95, 103, 99
0x564ca66d6600, 100, 109, 104, 96, 103, 99
0x564ca66d6640, 99, 107, 103, 95, 103, 99
0x564ca66d6680, 108, 115, 112, 96, 103, 99
0x564ca66d66c0, 105, 114, 109, 96, 103, 99
0x564ca66d6700, 100, 107, 103, 96, 103, 99
0x564ca66d6740, 98, 106, 101, 95, 103, 99
0x564ca66d6780, 109, 116, 112, 95, 103, 99
0x564ca66d67c0, 105, 113, 109, 95, 103, 99
0x564ca66d6800, 106, 114, 109, 95, 103, 99
0x564ca66d6840, 108, 116, 112, 96, 105, 99
0x564ca66d6880, 98, 107, 103, 96, 103, 99
0x564ca66d68c0, 100, 109, 105, 95, 103, 99
0x564ca66d6900, 105, 113, 109, 96, 103, 99
0x564ca66d6940, 108, 117, 112, 94, 103, 98
0x564ca66d6980, 99, 108, 103, 95, 103, 99
0x564ca66d69c0, 100, 108, 103, 95, 103, 99
0x564ca66d6a00, 105, 113, 109, 96, 103, 99
0x564ca66d6a40, 108, 117, 112, 96, 103, 99
0x564ca66d6a80, 98, 107, 103, 96, 103, 99
0x564ca66d6ac0, 101, 109, 105, 96, 103, 99
0x564ca66d6b00, 105, 113, 108, 96, 103, 99
0x564ca66d6b40, 108, 117, 112, 94, 103, 98
0x564ca66d6b80, 97, 106, 101, 96, 103, 99
0x564ca66d6bc0, 101, 111, 106, 95, 103, 99
0x564ca66d6c00, 109, 116, 112, 96, 103, 99
0x564ca66d6c40, 105, 114, 109, 96, 103, 99
0x564ca66d6c80, 102, 110, 105, 96, 103, 99
0x564ca66d6cc0, 99, 107, 103, 96, 103, 99
0x564ca66d6d00, 108, 117, 112, 96, 105, 100
0x564ca66d6d40, 108, 117, 112, 99, 107, 102
0x564ca66d6d80, 100, 111, 104, 96, 103, 99
0x564ca66d6dc0, 98, 107, 101, 99, 107, 102
0x564ca66d6e00, 112, 119, 115, 99, 105, 101
0x564ca66d6e40, 106, 115, 109, 95, 103, 99
0x564ca66d6e80, 102, 112, 105, 99, 107, 102
0x564ca66d6ec0, 102, 111, 106, 98, 107, 102
0x564ca66d6f00, 112, 119, 115, 98, 105, 101
0x564ca66d6f40, 104, 119, 111, 95, 103, 99
0x564ca66d6f80, 100, 109, 104, 96, 107, 101
0x564ca66d6fc0, 100, 110, 105, 99, 107, 102
