0x564ca66d6000, 110, 132, 114, 103, 109, 106
0x564ca66d6040, 114, 156, 117, 101, 109, 105
0x564ca66d6080, 112, 126, 115, 95, 111, 101
0x564ca66d60c0, 104, 122, 107, 97, 105, 100
0x564ca66d6100, 110, 127, 114, 103, 109, 106
0x564ca66d6140, 112, 126, 116, 102, 111, 106
0x564ca66d6180, 112, 127, 117, 98, 115, 101
0x564ca66d61c0, 102, 119, 106, 96, 103, 99
0x564ca66d6200, 114, 156, 118, 106, 113, 109
0x564ca66d6240, 117, 130, 123, 104, 113, 107
0x564ca66d6280, 114, 128, 118, 99, 107, 103
0x564ca66d62c0, 100, 127, 105, 94, 101, 97
0x564ca66d6300, 110, 126, 114, 103, 119, 109
0x564ca66d6340, 116, 130, 120, 102, 109, 106
0x564ca66d6380, 114, 132, 117, 98, 105, 101
0x564ca66d63c0, 102, 126, 106, 96, 103, 99
0x564ca66d6400, 117, 132, 121, 104, 113, 107
0x564ca66d6440, 114, 128, 117, 107, 113, 110
0x564ca66d6480, 103, 119, 107, 97, 103, 100
0x564ca66d64c0, 114, 131, 118, 99, 107, 103
0x564ca66d6500, 116, 131, 119, 102, 110, 106
0x564ca66d6540, 114, 131, 117, 107, 113, 109
0x564ca66d6580, 102, 120, 106, 95, 103, 99
0x564ca66d65c0, 114, 130, 117, 98, 105, 101
0x564ca66d6600, 117, 131, 121, 104, 113, 107
0x564ca66d6640, 114, 130, 117, 107, 113, 109
0x564ca66d6680, 104, 119, 107, 96, 105, 100
0x564ca66d66c0, 114, 133, 118, 99, 107, 103
0x564ca66d6700, 116, 166, 120, 102, 111, 106
0x564ca66d6740, 114, 132, 117, 106, 113, 109
0x564ca66d6780, 102, 116, 106, 95, 103, 99
0x564ca66d67c0, 114, 132, 117, 98, 105, 101
0x564ca66d6800, 114, 130, 118, 99, 107, 103
0x564ca66d6840, 104, 117, 107, 97, 105, 100
0x564ca66d6880, 114, 130, 117, 106, 113, 109
0x564ca66d68c0, 117, 131, 121, 104, 112, 107
0x564ca66d6900, 112, 128, 117, 98, 107, 101
0x564ca66d6940, 102, 120, 106, 96, 103, 99
0x564ca66d6980, 114, 128, 117, 105, 113, 109
0x564ca66d69c0, 116, 130, 119, 102, 109, 106
0x564ca66d6a00, 114, 128, 118, 99, 107, 103
0x564ca66d6a40, 104, 119, 107, 97, 105, 100
0x564ca66d6a80, 113, 160, 117, 106, 112, 108
0x564ca66d6ac0, 117, 146, 121, 104, 111, 107
0x564ca66d6b00, 113, 129, 117, 98, 112, 101
0x564ca66d6b40, 102, 116, 106, 96, 103, 99
0x564ca66d6b80, 114, 132, 117, 105, 113, 109
0x564ca66d6bc0, 116, 130, 120, 102, 111, 106
0x564ca66d6c00, 104, 118, 107, 96, 103, 100
0x564ca66d6c40, 114, 129, 118, 99, 105, 103
0x564ca66d6c80, 117, 166, 121, 104, 113, 108
0x564ca66d6cc0, 114, 130, 117, 107, 117, 109
0x564ca66d6d00, 102, 119, 106, 95, 103, 99
0x564ca66d6d40, 114, 128, 117, 98, 105, 101
0x564ca66d6d80, 116, 132, 119, 102, 120, 107
0x564ca66d6dc0, 114, 129, 117, 107, 113, 109
0x564ca66d6e00, 104, 120, 107, 97, 103, 100
0x564ca66d6e40, 114, 130, 118, 99, 107, 102
0x564ca66d6e80, 117, 130, 121, 104, 113, 108
0x564ca66d6ec0, 114, 136, 117, 107, 113, 110
0x564ca66d6f00, 102, 116, 106, 94, 103, 99
0x564ca66d6f40, 114, 130, 117, 98, 105, 101
0x564ca66d6f80, 116, 136, 120, 102, 110, 106
0x564ca66d6fc0, 114, 134, 117, 107, 113, 110
