0x564ca66d6000, 110, 121, 115, 104, 113, 109
0x564ca66d6040, 114, 122, 118, 102, 111, 106
0x564ca66d6080, 104, 112, 107, 98, 106, 102
0x564ca66d60c0, 107, 126, 110, 97, 105, 100
0x564ca66d6100, 109, 118, 113, 104, 122, 107
0x564ca66d6140, 114, 123, 118, 102, 109, 105
0x564ca66d6180, 102, 111, 107, 97, 105, 100
0x564ca66d61c0, 103, 160, 109, 94, 101, 97
0x564ca66d6200, 108, 116, 112, 102, 113, 106
0x564ca66d6240, 114, 123, 118, 102, 109, 105
0x564ca66d6280, 104, 119, 108, 98, 107, 101
0x564ca66d62c0, 107, 122, 110, 97, 113, 100
0x564ca66d6300, 110, 118, 114, 104, 112, 107
0x564ca66d6340, 114, 134, 118, 102, 109, 105
0x564ca66d6380, 103, 119, 107, 97, 105, 100
0x564ca66d63c0, 106, 113, 109, 97, 111, 100
0x564ca66d6400, 114, 123, 118, 102, 109, 106
0x564ca66d6440, 112, 120, 115, 105, 112, 109
0x564ca66d6480, 107, 115, 111, 96, 105, 100
0x564ca66d64c0, 104, 113, 109, 98, 105, 101
0x564ca66d6500, 113, 123, 117, 102, 109, 106
0x564ca66d6540, 110, 118, 114, 104, 120, 107
0x564ca66d6580, 105, 115, 109, 96, 104, 99
0x564ca66d65c0, 103, 118, 107, 97, 104, 100
0x564ca66d6600, 114, 124, 118, 102, 121, 106
0x564ca66d6640, 112, 120, 115, 105, 113, 109
0x564ca66d6680, 108, 115, 111, 97, 107, 101
0x564ca66d66c0, 104, 113, 109, 98, 105, 101
0x564ca66d6700, 113, 122, 117, 102, 109, 106
0x564ca66d6740, 110, 118, 114, 104, 112, 107
0x564ca66d6780, 106, 113, 109, 97, 103, 100
0x564ca66d67c0, 104, 113, 107, 97, 105, 100
0x564ca66d6800, 104, 112, 108, 98, 106, 101
0x564ca66d6840, 107, 123, 110, 97, 103, 100
0x564ca66d6880, 112, 126, 116, 104, 113, 109
0x564ca66d68c0, 114, 122, 117, 102, 111, 106
0x564ca66d6900, 103, 119, 107, 96, 104, 99
0x564ca66d6940, 106, 114, 109, 97, 103, 100
0x564ca66d6980, 110, 118, 114, 104, 112, 107
0x564ca66d69c0, 114, 123, 118, 102, 109, 106
0x564ca66d6a00, 104, 121, 108, 98, 105, 101
0x564ca66d6a40, 107, 115, 110, 97, 105, 100
0x564ca66d6a80, 112, 119, 115, 104, 113, 109
0x564ca66d6ac0, 114, 122, 118, 102, 111, 106
0x564ca66d6b00, 102, 111, 107, 96, 103, 100
0x564ca66d6b40, 106, 115, 109, 97, 105, 100
0x564ca66d6b80, 110, 118, 114, 104, 113, 107
0x564ca66d6bc0, 114, 123, 118, 102, 119, 106
0x564ca66d6c00, 107, 115, 111, 96, 105, 100
0x564ca66d6c40, 104, 112, 108, 98, 105, 101
0x564ca66d6c80, 111, 122, 115, 100, 107, 102
0x564ca66d6cc0, 108, 119, 112, 105, 113, 109
0x564ca66d6d00, 106, 114, 109, 97, 105, 100
0x564ca66d6d40, 104, 111, 107, 97, 103, 100
0x564ca66d6d80, 114, 125, 118, 102, 109, 106
0x564ca66d6dc0, 110, 118, 114, 104, 112, 107
0x564ca66d6e00, 107, 115, 110, 96, 105, 100
0x564ca66d6e40, 104, 111, 108, 98, 105, 101
0x564ca66d6e80, 114, 123, 117, 102, 109, 106
0x564ca66d6ec0, 112, 128, 115, 106, 113, 109
0x564ca66d6f00, 104, 113, 109, 96, 105, 100
0x564ca66d6f40, 104, 111, 107, 97, 105, 100
0x564ca66d6f80, 114, 123, 118, 102, 110, 106
0x564ca66d6fc0, 110, 119, 114, 104, 111, 107
