0x564ca66d6000, 106, 115, 111, 102, 111, 106
0x564ca66d6040, 104, 113, 107, 99, 107, 102
0x564ca66d6080, 107, 116, 111, 100, 107, 103
0x564ca66d60c0, 112, 119, 115, 99, 107, 102
0x564ca66d6100, 105, 115, 109, 102, 109, 105
0x564ca66d6140, 102, 111, 106, 99, 107, 103
0x564ca66d6180, 107, 117, 112, 98, 107, 102
0x564ca66d61c0, 110, 120, 115, 99, 107, 103
0x564ca66d6200, 107, 116, 111, 102, 111, 106
0x564ca66d6240, 104, 113, 108, 99, 105, 102
0x564ca66d6280, 107, 117, 111, 99, 107, 103
0x564ca66d62c0, 112, 120, 116, 99, 114, 103
0x564ca66d6300, 106, 114, 109, 101, 109, 105
0x564ca66d6340, 102, 111, 107, 99, 107, 103
0x564ca66d6380, 107, 117, 112, 98, 107, 102
0x564ca66d63c0, 110, 117, 114, 99, 107, 102
0x564ca66d6400, 103, 111, 107, 99, 107, 103
0x564ca66d6440, 107, 115, 110, 102, 110, 106
0x564ca66d6480, 111, 119, 115, 99, 107, 103
0x564ca66d64c0, 108, 117, 112, 100, 107, 103
0x564ca66d6500, 102, 111, 106, 99, 107, 103
0x564ca66d6540, 106, 113, 109, 102, 109, 105
0x564ca66d6580, 110, 119, 114, 99, 107, 103
0x564ca66d65c0, 108, 117, 112, 99, 107, 103
0x564ca66d6600, 103, 113, 109, 99, 107, 103
0x564ca66d6640, 107, 113, 110, 102, 109, 106
0x564ca66d6680, 112, 119, 115, 99, 107, 103
0x564ca66d66c0, 107, 115, 111, 99, 107, 103
0x564ca66d6700, 102, 111, 106, 99, 107, 103
0x564ca66d6740, 106, 113, 109, 102, 111, 105
0x564ca66d6780, 110, 119, 114, 99, 107, 103
0x564ca66d67c0, 108, 117, 112, 99, 107, 102
0x564ca66d6800, 107, 116, 111, 99, 107, 103
0x564ca66d6840, 112, 120, 115, 99, 107, 103
0x564ca66d6880, 107, 115, 110, 102, 111, 106
0x564ca66d68c0, 104, 113, 107, 99, 107, 103
0x564ca66d6900, 107, 117, 112, 98, 107, 102
0x564ca66d6940, 110, 119, 114, 99, 105, 102
0x564ca66d6980, 105, 113, 109, 101, 109, 105
0x564ca66d69c0, 102, 111, 106, 99, 105, 102
0x564ca66d6a00, 107, 117, 112, 99, 107, 103
0x564ca66d6a40, 112, 120, 115, 99, 107, 103
0x564ca66d6a80, 107, 115, 110, 102, 111, 106
0x564ca66d6ac0, 104, 113, 107, 99, 105, 102
0x564ca66d6b00, 107, 117, 111, 98, 107, 102
0x564ca66d6b40, 110, 118, 114, 99, 107, 102
0x564ca66d6b80, 106, 113, 109, 101, 109, 105
0x564ca66d6bc0, 102, 111, 107, 99, 105, 102
0x564ca66d6c00, 112, 119, 115, 99, 107, 103
0x564ca66d6c40, 108, 117, 112, 100, 107, 103
0x564ca66d6c80, 103, 113, 107, 99, 107, 103
0x564ca66d6cc0, 107, 115, 110, 102, 111, 106
0x564ca66d6d00, 110, 117, 114, 99, 109, 103
0x564ca66d6d40, 108, 117, 112, 98, 107, 101
0x564ca66d6d80, 102, 111, 106, 99, 107, 103
0x564ca66d6dc0, 106, 113, 109, 101, 109, 105
0x564ca66d6e00, 112, 119, 115, 99, 107, 103
0x564ca66d6e40, 108, 118, 112, 99, 107, 103
0x564ca66d6e80, 102, 113, 107, 99, 107, 103
0x564ca66d6ec0, 107, 114, 110, 102, 110, 106
0x564ca66d6f00, 106, 118, 111, 95, 103, 99
0x564ca66d6f40, 105, 113, 109, 97, 105, 101
0x564ca66d6f80, 102, 111, 106, 99, 107, 103
0x564ca66d6fc0, 106, 114, 109, 101, 109, 105
