0x564ca66d6000, 102, 113, 107, 100, 107, 103
0x564ca66d6040, 106, 115, 110, 100, 107, 103
0x564ca66d6080, 110, 119, 114, 100, 107, 103
0x564ca66d60c0, 114, 121, 117, 101, 109, 104
0x564ca66d6100, 101, 111, 105, 100, 108, 104
0x564ca66d6140, 104, 113, 108, 100, 107, 103
0x564ca66d6180, 108, 117, 113, 100, 108, 103
0x564ca66d61c0, 114, 121, 117, 100, 107, 103
0x564ca66d6200, 102, 111, 107, 100, 109, 103
0x564ca66d6240, 106, 113, 110, 100, 109, 103
0x564ca66d6280, 110, 119, 114, 100, 107, 103
0x564ca66d62c0, 114, 121, 117, 101, 109, 104
0x564ca66d6300, 102, 111, 107, 100, 107, 103
0x564ca66d6340, 104, 113, 108, 100, 107, 103
0x564ca66d6380, 108, 119, 113, 100, 107, 104
0x564ca66d63c0, 116, 125, 120, 99, 107, 103
0x564ca66d6400, 106, 115, 110, 100, 109, 103
0x564ca66d6440, 103, 111, 107, 100, 107, 103
0x564ca66d6480, 114, 121, 117, 100, 109, 104
0x564ca66d64c0, 112, 121, 117, 100, 108, 103
0x564ca66d6500, 104, 113, 109, 100, 109, 103
0x564ca66d6540, 102, 111, 106, 100, 109, 103
0x564ca66d6580, 114, 121, 117, 99, 107, 103
0x564ca66d65c0, 110, 125, 113, 100, 107, 103
0x564ca66d6600, 104, 114, 109, 100, 107, 103
0x564ca66d6640, 104, 113, 108, 100, 109, 105
0x564ca66d6680, 114, 121, 117, 100, 109, 104
0x564ca66d66c0, 110, 123, 115, 100, 107, 103
0x564ca66d6700, 104, 115, 109, 100, 126, 104
0x564ca66d6740, 102, 111, 106, 100, 107, 103
0x564ca66d6780, 113, 124, 117, 100, 107, 103
0x564ca66d67c0, 109, 117, 113, 100, 109, 104
0x564ca66d6800, 110, 119, 115, 100, 109, 103
0x564ca66d6840, 114, 121, 116, 101, 107, 104
0x564ca66d6880, 103, 113, 107, 100, 108, 103
0x564ca66d68c0, 106, 115, 110, 100, 109, 103
0x564ca66d6900, 110, 119, 113, 100, 109, 105
0x564ca66d6940, 114, 121, 117, 100, 107, 103
0x564ca66d6980, 102, 111, 106, 100, 109, 103
0x564ca66d69c0, 104, 113, 109, 101, 108, 104
0x564ca66d6a00, 109, 119, 114, 100, 107, 103
0x564ca66d6a40, 114, 121, 117, 101, 109, 104
0x564ca66d6a80, 103, 112, 107, 100, 109, 103
0x564ca66d6ac0, 106, 114, 110, 100, 107, 103
0x564ca66d6b00, 110, 120, 113, 100, 109, 103
0x564ca66d6b40, 114, 121, 117, 100, 108, 103
0x564ca66d6b80, 101, 111, 107, 100, 109, 103
0x564ca66d6bc0, 104, 115, 108, 100, 107, 104
0x564ca66d6c00, 114, 122, 117, 100, 109, 105
0x564ca66d6c40, 110, 119, 114, 100, 107, 103
0x564ca66d6c80, 103, 115, 107, 97, 105, 101
0x564ca66d6cc0, 100, 111, 104, 100, 109, 104
0x564ca66d6d00, 114, 122, 117, 100, 107, 103
0x564ca66d6d40, 109, 117, 113, 100, 107, 103
0x564ca66d6d80, 104, 113, 108, 100, 109, 103
0x564ca66d6dc0, 102, 111, 106, 100, 108, 103
0x564ca66d6e00, 114, 121, 117, 100, 109, 105
0x564ca66d6e40, 110, 119, 114, 100, 107, 103
0x564ca66d6e80, 106, 115, 110, 100, 109, 103
0x564ca66d6ec0, 104, 113, 107, 100, 108, 104
0x564ca66d6f00, 114, 121, 117, 99, 107, 103
0x564ca66d6f40, 109, 119, 113, 101, 109, 104
0x564ca66d6f80, 105, 113, 109, 100, 107, 103
0x564ca66d6fc0, 103, 114, 109, 100, 107, 103
